[1.jpg]
filters=warm=1;finetune2=1,0.017544,0.162807,0.011228,00000000,0.263158;
moddate=619bf2a78a7bd201
width=3007
height=1615
textactive=0
